-- Define a function to handle firing the SkillEvent
local function fireSkillEvent(skill, position, rotation, timestamp, extra)
    local args = {
        skill,
        position,
        rotation,
        timestamp,
        extra
    }
    game:GetService("ReplicatedStorage"):WaitForChild("Remotes"):WaitForChild("SkillEvent"):FireServer(unpack(args))
end

-- Fire events with the required arguments
fireSkillEvent("E", Vector3.new(733.5084838867188, 12.100189208984375, 644.9482421875), 
    CFrame.new(654.4337158203125, 15.100187301635742, 536.1123657226562, -0.7776253819465637, 4.8433033583705765e-08, -0.6287278532981873, 6.527169915671038e-10, 1, 7.622608677593234e-08, 0.6287278532981873, 5.8864962682037e-08, -0.7776253819465637), 
    1732491837.6606288, 
    "e1"
)

fireSkillEvent("R", Vector3.new(703.618408203125, 15.999088287353516, 676.2469482421875), 
    CFrame.new(701.2749633789062, 15.100189208984375, 618.68896484375, -0.8596322536468506, 2.214016303625499e-09, -0.5109133124351501, -1.7807562369132057e-10, 1, 4.633067263171142e-09, 0.5109133124351501, 4.073715142993706e-09, -0.8596322536468506), 
    1732491854.8733132, 
    "e1"
)

fireSkillEvent("F", Vector3.new(704.3869018554688, 17.568649291992188, 676.655517578125), 
    CFrame.new(707.9255981445312, 15.100189208984375, 629.8801879882812, -0.8596322536468506, 2.4327306391569437e-08, -0.5109133124351501, -1.956490969234892e-09, 1, 5.090720733846865e-08, 0.5109133124351501, 4.4761073070276325e-08, -0.8596322536468506), 
    1732491862.7407703, 
    "e1"
)

fireSkillEvent("E", Vector3.new(732.0081787109375, 24.196346282958984, 691.3418579101562), 
    CFrame.new(730.5068359375, 15.100189208984375, 666.4251708984375, -0.7933451533317566, -1.469921251384676e-08, -0.6087720990180969, 1.4106978918349e-09, 1, -2.5984078888541262e-08, 0.6087720990180969, -2.1473136158078887e-08, -0.7933451533317566), 
    1732491871.642041, 
    "e2"
)

fireSkillEvent("R", Vector3.new(761.3115844726562, 16.53093719482422, 702.613037109375), 
    CFrame.new(736.4871215820312, 15.100186347961426, 672.304443359375, -0.770552396774292, 0.000010631776603986509, -0.6373766660690308, 9.53045798723906e-07, 1, 0.00001552834510221146, 0.6373766660690308, 0.000011357954463164788, -0.770552396774292), 
    1732491880.0307193, 
    "e2"
)

fireSkillEvent("F", Vector3.new(747.5777587890625, 18.666698455810547, 698.932373046875), 
    CFrame.new(742.5816040039062, 15.100187301635742, 678.1760864257812, -0.701500654220581, -5.00067329767262e-08, -0.712668776512146, 2.6436728362000395e-09, 1, -7.277050428911025e-08, 0.712668776512146, -5.293262361760753e-08, -0.701500654220581), 
    1732491890.4667764, 
    "e2"
)
